******************************** FLUSH DELAY 10 *******************************

======== FIRST LOADING ========

  TID  PRIO  USER     DISK READ  DISK WRITE  SWAPIN      IO    COMMAND

4976 be/4 root        0.00 B/s    3.90 K/s  0.00 %  0.12 % searchd -c /etc/sphinxsearch/sphinx.conf



======= ONE UPDATE =======

MySQL [(none)]> UPDATE test1 SET post_author = 902 WHERE id = 6;
Query OK, 1 row affected (0.03 sec)


  TID  PRIO  USER     DISK READ  DISK WRITE  SWAPIN      IO    COMMAND

 5093 be/4 root      179.92 K/s    7.82 K/s  0.00 %  0.54 % searchd -c /etc/sphinxsearch/sphinx.conf
 4976 be/4 root        0.00 B/s    0.00 B/s  0.00 %  0.14 % searchd -c /etc/sphinxsearch/sphinx.conf

+5sec
 4976 be/4 root        0.00 B/s    3.92 K/s  0.00 %  0.48 % searchd -c /etc/sphinxsearch/sphinx.conf




======= ALL UPDATE =======

MySQL [(none)]> UPDATE test1 SET post_author = 309 WHERE id > 1;
Query OK, 1250000 rows affected (0.11 sec)

  TID  PRIO  USER     DISK READ  DISK WRITE  SWAPIN      IO    COMMAND

 5093 be/4 root        0.00 B/s   14.03 M/s  0.00 %  0.00 % searchd -c /etc/sphinxsearch/sphinx.conf
 4976 be/4 root        0.00 B/s    0.00 B/s  0.00 %  2.33 % searchd -c /etc/sphinxsearch/sphinx.conf

+5sec
 4976 be/4 root        0.00 B/s    3.91 K/s  0.00 %  0.14 % searchd -c /etc/sphinxsearch/sphinx.conf





======= STEP UPDATE =======

MySQL [(none)]> UPDATE test1 SET post_author = 7070 WHERE id in (2, 1002, 2002, 3002, 4002, 5002, 6002, 7002, 8002, 9002, 10002, 11002, 12002, 13002, 14002, 15002, 16002, 17002, 18002, 19002, 20002, 21002, 22002, 23002, 24002, 25002, 26002, 27002, 28002, 29002, 30002, 31002, 32002, 33002, 34002, 35002, 36002, 37002, 38002, 39002, 40002, 41002, 42002, 43002, 44002, 45002, 46002, 47002, 48002, 49002, 50002, 51002, 52002, 53002, 54002, 55002, 56002, 57002, 58002, 59002, 60002, 61002, 62002, 63002, 64002, 65002, 66002, 67002, 68002, 69002, 70002, 71002, 72002, 73002, 74002, 75002, 76002, 77002, 78002, 79002, 80002, 81002, 82002, 83002, 84002, 85002, 86002, 87002, 88002, 89002, 90002, 91002, 92002, 93002, 94002, 95002, 96002, 97002, 98002, 99002, 100002, 101002, 102002, 103002, 104002, 105002, 106002, 107002, 108002, 109002, 110002, 111002, 112002, 113002, 114002, 115002, 116002, 117002, 118002, 119002, 120002, 121002, 122002, 123002, 124002, 125002, 126002, 127002, 128002, 129002, 130002, 131002, 132002, 133002, 134002, 135002, 136002, 137002, 138002, 139002, 140002, 141002, 142002, 143002, 144002, 145002, 146002, 147002, 148002, 149002, 150002, 151002, 152002, 153002, 154002, 155002, 156002, 157002, 158002, 159002, 160002, 161002, 162002, 163002, 164002, 165002, 166002, 167002, 168002, 169002, 170002, 171002, 172002, 173002, 174002, 175002, 176002, 177002, 178002, 179002, 180002, 181002, 182002, 183002, 184002, 185002, 186002, 187002, 188002, 189002, 190002, 191002, 192002, 193002, 194002, 195002, 196002, 197002, 198002, 199002, 200002, 201002, 202002, 203002, 204002, 205002, 206002, 207002, 208002, 209002, 210002, 211002, 212002, 213002, 214002, 215002, 216002, 217002, 218002, 219002, 220002, 221002, 222002, 223002, 224002, 225002, 226002, 227002, 228002, 229002, 230002, 231002, 232002, 233002, 234002, 235002, 236002, 237002, 238002, 239002, 240002, 241002, 242002, 243002, 244002, 245002, 246002, 247002, 248002, 249002, 250002, 251002, 252002, 253002, 254002, 255002, 256002, 257002, 258002, 259002, 260002, 261002, 262002, 263002, 264002, 265002, 266002, 267002, 268002, 269002, 270002, 271002, 272002, 273002, 274002, 275002, 276002, 277002, 278002, 279002, 280002, 281002, 282002, 283002, 284002, 285002, 286002, 287002, 288002, 289002, 290002, 291002, 292002, 293002, 294002, 295002, 296002, 297002, 298002, 299002, 300002, 301002, 302002, 303002, 304002, 305002, 306002, 307002, 308002, 309002, 310002, 311002, 312002, 313002, 314002, 315002, 316002, 317002, 318002, 319002, 320002, 321002, 322002, 323002, 324002, 325002, 326002, 327002, 328002, 329002, 330002, 331002, 332002, 333002, 334002, 335002, 336002, 337002, 338002, 339002, 340002, 341002, 342002, 343002, 344002, 345002, 346002, 347002, 348002, 349002, 350002, 351002, 352002, 353002, 354002, 355002, 356002, 357002, 358002, 359002, 360002, 361002, 362002, 363002, 364002, 365002, 366002, 367002, 368002, 369002, 370002, 371002, 372002, 373002, 374002, 375002, 376002, 377002, 378002, 379002, 380002, 381002, 382002, 383002, 384002, 385002, 386002, 387002, 388002, 389002, 390002, 391002, 392002, 393002, 394002, 395002, 396002, 397002, 398002, 399002, 400002, 401002, 402002, 403002, 404002, 405002, 406002, 407002, 408002, 409002, 410002, 411002, 412002, 413002, 414002, 415002, 416002, 417002, 418002, 419002, 420002, 421002, 422002, 423002, 424002, 425002, 426002, 427002, 428002, 429002, 430002, 431002, 432002, 433002, 434002, 435002, 436002, 437002, 438002, 439002, 440002, 441002, 442002, 443002, 444002, 445002, 446002, 447002, 448002, 449002	,450002	,451002	,452002	,453002	,454002	,455002	,456002	,457002	,458002	,459002	,460002	,461002	,462002	,463002	,464002	,465002	,466002	,467002	,468002	,469002	,470002	,471002	,472002	,473002	,474002	,475002	,476002	,477002	,478002	,479002	,480002	,481002	,482002,
483002	,484002	,485002	,486002	,487002	,488002	,489002	,490002	,491002	,492002	,493002	,494002	,495002	,496002	,497002	,498002	,499002	,500002	,501002	,502002	,503002	,504002	,505002	,506002	,507002	,508002	,509002	,510002	,511002,
510002, 511002, 512002, 513002, 514002, 515002, 516002, 517002, 518002, 519002, 520002, 521002, 522002, 523002, 524002, 525002, 526002, 527002, 528002, 529002, 530002, 531002, 532002, 533002, 534002, 535002, 536002, 537002, 538002, 539002, 540002, 541002, 542002, 543002, 544002, 545002, 546002, 547002, 548002, 549002, 550002, 551002, 552002, 553002, 554002, 555002, 556002, 557002, 558002, 559002, 560002, 561002, 562002, 563002, 564002, 565002, 566002, 567002, 568002, 569002, 570002, 571002, 572002, 573002, 574002, 575002, 576002, 577002, 578002, 579002, 580002, 581002, 582002, 583002, 584002, 585002, 586002, 587002, 588002, 589002, 590002, 591002, 592002, 593002, 594002, 595002, 596002, 597002, 598002, 599002, 600002, 601002, 602002, 603002, 604002, 605002, 606002, 607002, 608002, 609002, 610002, 611002, 612002, 613002, 614002, 615002, 616002, 617002, 618002, 619002, 620002, 621002, 622002, 623002, 624002, 625002, 626002, 627002, 628002, 629002, 630002, 631002, 632002, 633002, 634002, 635002, 636002, 637002, 638002, 639002, 640002, 641002, 642002, 643002, 644002, 645002, 646002, 647002, 648002, 649002, 650002, 651002, 652002, 653002, 654002, 655002, 656002, 657002, 658002, 659002, 660002, 661002, 662002, 663002, 664002, 665002, 666002, 667002, 668002, 669002, 670002, 671002, 672002, 673002, 674002, 675002, 676002, 677002, 678002, 679002, 680002, 681002, 682002, 683002, 684002, 685002, 686002, 687002, 688002, 689002, 690002, 691002, 692002, 693002, 694002, 695002, 696002, 697002, 698002, 699002, 700002, 701002, 702002, 703002, 704002, 705002, 706002, 707002, 708002, 709002, 710002, 711002, 712002, 713002, 714002, 715002, 716002, 717002, 718002, 719002, 720002, 721002, 722002, 723002, 724002, 725002, 726002, 727002, 728002, 729002, 730002, 731002, 732002, 733002, 734002, 735002, 736002, 737002, 738002, 739002, 740002, 741002, 742002, 743002, 744002, 745002, 746002, 747002, 748002, 749002, 750002, 751002, 752002, 753002, 754002, 755002, 756002, 757002, 758002, 759002, 760002, 761002, 762002, 763002, 764002, 765002, 766002, 767002, 768002, 769002, 770002, 771002, 772002, 773002, 774002, 775002, 776002, 777002, 778002, 779002, 780002, 781002, 782002, 783002, 784002, 785002, 786002, 787002, 788002, 789002, 790002, 791002, 792002, 793002, 794002, 795002, 796002, 797002, 798002, 799002, 800002, 801002, 802002, 803002, 804002, 805002, 806002, 807002, 808002, 809002, 810002, 811002, 812002, 813002, 814002, 815002, 816002, 817002, 818002, 819002, 820002, 821002, 822002, 823002, 824002, 825002, 826002, 827002, 828002, 829002, 830002, 831002, 832002, 833002, 834002, 835002, 836002, 837002, 838002, 839002, 840002, 841002, 842002, 843002, 844002, 845002, 846002, 847002, 848002, 849002, 850002, 851002, 852002, 853002, 854002, 855002, 856002, 857002, 858002, 859002, 860002, 861002, 862002, 863002, 864002, 865002, 866002, 867002, 868002, 869002, 870002, 871002, 872002, 873002, 874002, 875002, 876002, 877002, 878002, 879002, 880002, 881002, 882002, 883002, 884002, 885002, 886002, 887002, 888002, 889002, 890002, 891002, 892002, 893002, 894002, 895002, 896002, 897002, 898002, 899002, 900002, 901002, 902002, 903002, 904002, 905002, 906002, 907002, 908002, 909002, 910002, 911002, 912002, 913002, 914002, 915002, 916002, 917002, 918002, 919002, 920002, 921002, 922002, 923002, 924002, 925002, 926002, 927002, 928002, 929002, 930002, 931002, 932002, 933002, 934002, 935002, 936002, 937002, 938002, 939002, 940002, 941002, 942002, 943002, 944002, 945002, 946002, 947002, 948002, 949002, 950002, 951002, 952002, 953002, 954002, 955002, 956002, 957002, 958002, 959002, 960002, 961002, 962002, 963002, 964002, 965002, 966002, 967002, 968002, 969002, 970002, 971002, 972002, 973002, 974002, 975002, 976002, 977002, 978002, 979002, 980002, 981002, 982002, 983002, 984002, 985002, 986002, 987002, 988002, 989002, 990002, 991002, 992002, 993002, 994002, 995002, 996002, 997002, 998002, 999002, 1000002);
Query OK, 976 rows affected (0.00 sec)

  TID  PRIO  USER     DISK READ  DISK WRITE  SWAPIN      IO    COMMAND

5093 be/4 root        0.00 B/s   15.37 K/s  0.00 %  0.00 % searchd -c /etc/sphinxsearch/sphinx.conf
 4976 be/4 root        0.00 B/s    0.00 B/s  0.00 %  0.45 % searchd -c /etc/sphinxsearch/sphinx.conf

+5 sec
4976 be/4 root        0.00 B/s    3.92 K/s  0.00 %  0.14 % searchd -c /etc/sphinxsearch/sphinx.conf



======= PART UPDATE =======
MySQL [(none)]> UPDATE test1 SET post_author = 887 WHERE WHERE id < 1000;
Query OK, 999 rows affected (0.00 sec)

  TID  PRIO  USER     DISK READ  DISK WRITE  SWAPIN      IO    COMMAND

5093 be/4 root        0.00 B/s   15.69 K/s  0.00 %  0.00 % searchd -c /etc/sphinxsearch/sphinx.conf
 4976 be/4 root        0.00 B/s    0.00 B/s  0.00 %  0.48 % searchd -c /etc/sphinxsearch/sphinx.conf

+5sec
4976 be/4 root        0.00 B/s    3.90 K/s  0.00 %  0.16 % searchd -c /etc/sphinxsearch/sphinx.conf


======= KILLING =========

No results


======= STARTING AFTER KILLING ========
  TID  PRIO  USER     DISK READ  DISK WRITE  SWAPIN      IO    COMMAND

6147 be/4 root        0.00 B/s    3.78 K/s  0.00 %  0.41 % searchd -c /etc/sphinxsearch/sphinx.conf

======= QUERY ========

MySQL [(none)]> UPDATE test1 SET post_author = 9090 WHERE id > 100000 AND id < 200000;
Query OK, 99999 rows affected (0.01 sec)

  TID  PRIO  USER     DISK READ  DISK WRITE  SWAPIN      IO    COMMAND
6147 be/4 root        0.00 B/s    0.00 B/s  0.00 %  0.75 % searchd -c /etc/sphinxsearch/sphinx.conf
+5sec
 6147 be/4 root        0.00 B/s    3.90 K/s  0.00 %  0.13 % searchd -c /etc/sphinxsearch/sphinx.conf


======= UPDATE + KILL =========

MySQL [(none)]> UPDATE test1 SET post_author = 5801 WHERE id > 400000 AND id < 500000;
Query OK, 99999 rows affected (0.04 sec)

6647 be/4 root        0.00 B/s    0.00 B/s  0.00 %  0.77 % searchd -c /etc/sphinxsearch/sphinx.conf



======= AFTER KILL =======
There I could not understand, at what moment data was written on disc
7120 be/4 root        0.00 B/s    3.92 K/s  0.00 %  0.00 % searchd -c /etc/sphinxsearch/sphinx.conf

+-------------+
| post_author |
+-------------+
|        5801 |
+-------------+







