insert into rt1 values(1,'find me',1,1,1,1,1,1,1,1,1);   
insert into rt2 values(2,'find me',1,1,1,1,1,1,1,1,1);   
insert into rt3 values(3,'find me',1,1,1,1,1,1,1,1,1);   
insert into rt4 values(4,'find me',1,1,1,1,1,1,1,1,1);   
insert into rt5 values(5,'find me',1,1,1,1,1,1,1,1,1);   
insert into rt6 values(6,'find me',1,1,1,1,1,1,1,1,1);   
insert into rt7 values(7,'find me',1,1,1,1,1,1,1,1,1);   
insert into rt8 values(8,'find me',1,1,1,1,1,1,1,1,1);   
insert into rt9 values(9,'find me',1,1,1,1,1,1,1,1,1);   
insert into art1 values(1,'find me',1,2,3,4,5,6,7,8,9,10,11,12,13,14,15,16,17,18,19,20,21,22,23,24,25,26,27,28,29,30,31,32);   
insert into art2 values(2,'find me',1,2,3,4,5,6,7,8,9,10,11,12,13,14,15,16,17,18,19,20,21,22,23,24,25,26,27,28,29,30,31,32);   
insert into art3 values(3,'find me',1,2,3,4,5,6,7,8,9,10,11,12,13,14,15,16,17,18,19,20,21,22,23,24,25,26,27,28,29,30,31,32);   
insert into art4 values(4,'find me',1,2,3,4,5,6,7,8,9,10,11,12,13,14,15,16,17,18,19,20,21,22,23,24,25,26,27,28,29,30,31,32);   
insert into art5 values(5,'find me',1,2,3,4,5,6,7,8,9,10,11,12,13,14,15,16,17,18,19,20,21,22,23,24,25,26,27,28,29,30,31,32);   
insert into art6 values(6,'find me',1,2,3,4,5,6,7,8,9,10,11,12,13,14,15,16,17,18,19,20,21,22,23,24,25,26,27,28,29,30,31,32);   
insert into art7 values(7,'find me',1,2,3,4,5,6,7,8,9,10,11,12,13,14,15,16,17,18,19,20,21,22,23,24,25,26,27,28,29,30,31,32);   
insert into art8 values(8,'find me',1,2,3,4,5,6,7,8,9,10,11,12,13,14,15,16,17,18,19,20,21,22,23,24,25,26,27,28,29,30,31,32);   
insert into art9 values(9,'find me',1,2,3,4,5,6,7,8,9,10,11,12,13,14,15,16,17,18,19,20,21,22,23,24,25,26,27,28,29,30,31,32);   